VISDATA
36
0 11 1 2 3 4 17 18 19 20 21 22 23
1 10 0 2 3 4 17 18 19 21 22 23
2 10 0 1 3 4 17 18 19 21 22 23
3 6 0 1 2 4 22 23
4 6 0 1 2 3 22 23
5 3 6 31 32
6 3 5 31 32
7 6 8 9 10 11 12 13
8 7 7 9 10 11 12 13 14
9 8 7 8 10 11 12 13 14 15
10 9 7 8 9 11 12 13 14 15 16
11 9 7 8 9 10 12 13 14 15 16
12 9 7 8 9 10 11 13 14 15 16
13 12 7 8 9 10 11 12 14 15 16 17 18 19
14 11 8 9 10 11 12 13 15 16 17 18 19
15 10 9 10 11 12 13 14 16 17 18 19
16 9 10 11 12 13 14 15 17 18 19
17 13 0 1 2 13 14 15 16 18 19 20 21 22 23
18 12 0 1 2 13 14 15 16 17 19 21 22 23
19 13 0 1 2 13 14 15 16 17 18 20 21 22 23
20 5 0 17 19 22 23
21 8 0 1 2 17 18 19 22 23
22 11 0 1 2 3 4 17 18 19 20 21 23
23 11 0 1 2 3 4 17 18 19 20 21 22
24 8 25 26 27 28 29 33 34 35
25 8 24 26 27 28 29 33 34 35
26 8 24 25 27 28 29 33 34 35
27 8 24 25 26 28 29 33 34 35
28 8 24 25 26 27 29 33 34 35
29 8 24 25 26 27 28 33 34 35
30 0
31 5 5 6 33 34 35
32 2 5 6
33 9 24 25 26 27 28 29 31 34 35
34 9 24 25 26 27 28 29 31 33 35
35 9 24 25 26 27 28 29 31 33 34
